[preset00]
fRating=2.000000
fGammaAdj=2.000000
fDecay=0.960000
fVideoEchoZoom=1.000000
fVideoEchoAlpha=0.000000
nVideoEchoOrientation=0
nWaveMode=0
bAdditiveWaves=0
bWaveDots=1
bWaveThick=0
bModWaveAlphaByVolume=0
bMaximizeWaveColor=0
bTexWrap=0
bDarkenCenter=0
bRedBlueStereo=0
bBrighten=0
bDarken=0
bSolarize=1
bInvert=1
fWaveAlpha=1.000000
fWaveScale=0.224562
fWaveSmoothing=0.000000
fWaveParam=-0.500000
fModWaveAlphaStart=0.750000
fModWaveAlphaEnd=0.950000
fWarpAnimSpeed=1.000000
fWarpScale=1.000000
fZoomExponent=1.000000
fShader=0.000000
zoom=1.000000
rot=0.000000
cx=0.500000
cy=0.500000
dx=0.000000
dy=0.000000
warp=1.000000
sx=1.000000
sy=1.000000
wave_r=0.000000
wave_g=0.199900
wave_b=0.700000
wave_x=0.600000
wave_y=0.500000
ob_size=0.000000
ob_r=0.030000
ob_g=0.150000
ob_b=0.250000
ob_a=0.000000
ib_size=0.000000
ib_r=0.100000
ib_g=0.500000
ib_b=0.500000
ib_a=0.010000
nMotionVectorsX=64.000000
nMotionVectorsY=48.000000
mv_dx=0.000000
mv_dy=0.000000
mv_l=0.000000
mv_r=0.000000
mv_g=0.700000
mv_b=1.000000
mv_a=0.500000
per_frame_1=warp=0;
per_frame_2=mv_g = mv_g + 0.1*(0.6*sin(time*0.763) + 0.4*sin(time*1.231));
per_frame_3=mv_b = mv_b + 0.2*(0.6*sin(time*0.695) + 0.4*sin(time*0.367));
per_frame_4=q8 = oldq8 +0.003*(((pow(1.2*bass+0.4*bass_att+0.1*treb+0.1*treb_att+0.1*mid+0.1*mid_att,6)/fps) + (pow(1.2*bass+0.4*bass_att+0.1*treb+0.1*treb_att+0.1*mid+0.1*mid_att,5)/fps) + (pow(1.2*bass+0.4*bass_att+0.1*treb+0.1*treb_att+0.1*mid+0.1*mid_att,4)/fps) + (pow(1.2*bass+0.4*bass_att+0.1*treb+0.1*treb_att+0.1*mid+0.1*mid_att,3)/fps) + (pow(1.2*bass+0.4*bass_att+0.1*treb+0.1*treb_att+0.1*mid+0.1*mid_att,2)/fps) +(1.2*bass+0.4*bass_att+0.1*treb+0.1*treb_att+0.1*mid+0.1*mid_att)/fps)) + 1/(fps*5);
per_frame_5=oldq8 = q8;
per_frame_6=wave_x = 0.1*sin(q8*1.0677) + 0.5;
per_frame_7=wave_y = 0.1*sin(q8*1.1931) + 0.5;
per_frame_8=q1 = wave_x;
per_frame_9=q2 = 1-wave_y;
per_frame_10=cx = wave_x;
per_frame_11=cy = 1-wave_y;
per_pixel_1=newx = x - q1;
per_pixel_2=newy = y - q2;
per_pixel_3=newrad = min(sqrt((newx)*(newx)+0.5625*(newy)*(newy))*2,sqrt(2));
per_pixel_4=newzoom = pow(0.996, pow(0.01+sin(newrad*newrad), newrad*2-1));
per_pixel_5=dx = (newx)*newzoom - newx;
per_pixel_6=dy = (newy)*newzoom - newy;
per_pixel_7=rot = -0.1*newrad*(0.5*rad+0.1);
per_pixel_8=zoom = 1+newzoom*0.3;
