[preset00]
fRating=2.000000
fGammaAdj=2.000000
fDecay=0.980000
fVideoEchoZoom=2.000000
fVideoEchoAlpha=0.000000
nVideoEchoOrientation=0
nWaveMode=2
bAdditiveWaves=0
bWaveDots=0
bWaveThick=0
bModWaveAlphaByVolume=0
bMaximizeWaveColor=1
bTexWrap=0
bDarkenCenter=1
bRedBlueStereo=0
bBrighten=0
bDarken=0
bSolarize=0
bInvert=0
fWaveAlpha=0.800000
fWaveScale=0.692005
fWaveSmoothing=0.750000
fWaveParam=-0.640000
fModWaveAlphaStart=0.750000
fModWaveAlphaEnd=0.950000
fWarpAnimSpeed=1.000000
fWarpScale=1.000000
fZoomExponent=1.000000
fShader=0.000000
zoom=1.000000
rot=0.000000
cx=0.500000
cy=0.500000
dx=0.000000
dy=0.000000
warp=1.000000
sx=1.000000
sy=1.000000
wave_r=0.500000
wave_g=0.500000
wave_b=0.500000
wave_x=0.500000
wave_y=0.490000
ob_size=0.005000
ob_r=0.000000
ob_g=0.000000
ob_b=0.000000
ob_a=1.000000
ib_size=0.010000
ib_r=0.250000
ib_g=0.250000
ib_b=0.250000
ib_a=0.000000
nMotionVectorsX=12.000000
nMotionVectorsY=9.000000
mv_dx=0.000000
mv_dy=0.000000
mv_l=0.900000
mv_r=1.000000
mv_g=1.000000
mv_b=1.000000
mv_a=0.000000
per_frame_1=warp = 0;
per_frame_2=wave_r = wave_r + .25*sin(time*.555);
per_frame_3=wave_g = if(above(frame%2,0),wave_b + .25*cos(time*.888),0);
per_frame_4=wave_b = if(above(frame%2,0),wave_b + .25*sin(time),0);
per_frame_5=wave_mode = 2*above(frame%2,0);
per_frame_6=wave_x = if(above(frame%2,0),wave_x,rand(100)*.01);
per_frame_7=wave_y = if(above(frame%2,0),wave_y,(rand(30)+70)*.01);
per_pixel_1=zoom = bass_att*.2 + (3*y)+2*(pow(x,2))*.01;
per_pixel_2=zoom = if(below(zoom,1),.995,zoom);
per_pixel_3=dx = if(below(zoom,1),(rand(100)-50)*.0003,0);
per_pixel_4=dy = if(below(zoom,1),(rand(100)-50)*.0003,0);
